1008 1002 1008 1004
1004 6161 1008 1003
1002 1008 1004 1000
1003 1000 1003 1004
1000 1008 1000 1005
1005 1000 1002 1003
1000 1003 1005 1001
1004 1003 1000 1007
1008 1000 1009 1008
9936 1006 1007 1000
1002 1005 1007 1002
1009 1007 1001 1005
9758 1005 1002 1005
1001 1009 8411 1007
7768 1003 1000 1003
1007 1007 1007 1009
1001 1004 1002 1008
1000 1005 1004 1005
1000 1000 1003 3833
1000 1006 1008 1007
1004 1005 6718 1007
1007 1008 1002 1002
1000 1003 1003 1000
1006 1003 1004 1003
1003 1008 1004 1002
1009 1000 1000 1006
1003 1003 1005 1004
1009 1000 1002 1009
8634 1003 1006 1003
5741 1009 1002 1008
1006 1005 1004 1001
2612 1002 1006 1009
4709 1003 1004 1008
1001 1001 1001 1005
8141 1007 1001 1005
1003 1008 1000 9218
1005 1008 1003 1004
1009 1004 1004 1001
1004 1007 1002 1004
1006 9658 1002 3131
1002 1009 1007 1007
1004 1000 1004 1003
1003 1003 1006 1006
1002 7771 1005 4171
1000 1007 1005 1001
1004 1008 1008 1000
1000 7397 1000 1006
1005 1004 1009 1001
1008 1000 8259 1009
1003 1005 1006 9281