71 16 38 44
21 36 22 67
99 31 30 98
90 66 59 30
10 41 29 41
68 88 36 16
83 13 74 64
33 46 18 48
13 63 66 68
72 28 58 25
42 52 31 85
76 51 91 98
79 11 46 97
52 45 43 12
12 99 29 65
70 81 47 42
45 60 23 63
30 53 23 75
57 49 10 30
97 91 18 24
82 89 28 45
77 84 17 88
64 33 22 45
69 31 35 50
36 16 35 35
69 22 72 74
26 77 85 15
48 39 49 18
95 47 95 26
75 50 78 62
38 62 23 26
13 21 43 99
42 60 17 67
18 54 38 86
36 96 98 33
81 61 48 80
32 15 80 97
82 70 94 51
43 84 40 95
17 71 46 42
90 14 60 11
62 52 31 63
23 92 40 46
79 55 19 22
14 32 29 57
54 11 39 25
24 24 59 29
26 73 40 11
56 20 39 76
47 15 14 73
22 87 32 93
19 83 93 49
99 33 34 66
68 32 82 20
16 86 72 47
58 14 93 90
16 71 65 74
92 91 13 84
56 20 38 78
27 87 72 53
35 58 91 37
92 12 49 28
43 65 11 41
83 20 28 13
96 43 82 57
69 51 97 88
95 17 41 65
64 76 34 21
93 86 40 30
24 77 20 21
77 53 55 74
24 86 15 85
40 80 94 53
94 59 85 56
23 46 70 96
27 31 80 44
10 12 73 44
50 89 42 27
84 38 28 37
34 18 83 21
78 75 44 50
25 61 63 35
34 54 48 96
37 67 75 89
19 55 19 71
66 44 87 39
81 61 39 98
81 94 29 51
25 92 67 27
17 52 26 88
54 36 41 14
32 62 55 37
79 76 27 33
10 56 68 64
73 78 89 58
87 45 12 57
69 37 70 60
59 90 25 15
79 34 61 19