99999999999991297368410416991095591716517469125890675457453422783748400147858737803123789262666940924433330772413857306158062434151177033639939908851310931697824312137449782901
99999999999965602992973485010686290408918894984706321893119624816345021956837882275690056983654421623683356898245933377164630076340268195590557998696458824492789258562802128234
99999999999995919999179399154951277025512675942370356133625738921960985458929820273137636917543107974481139538082184659845365129768742680956937001772455365091452013151601437772
89999999999999999999999993692376933330991885010631208306171507632381263062842257028634377269769999948208694467855371743744592246967266262469137618998928874944001606124244798652
29999999999999599999993617543776926494552008224165150516504181286720323397805647239999999584999999995751599999982587790670611690340951840713326059501446087381434851729456764626
13299999999934599999995289300643516024715574981799150751548499055519141186322302439999999999999999999999999999997227669997529316792696760596161018609241218765216883773825289360
79999999999929334499931475751115018058651525684865593153431812653995889599999999999999999999999999999999999999999999999999836170688210411497557825429683692216495764953858686947
24499999951598900377125734649977202209084718984887483920582504048121518959999999999999999999999999999999999999999999999999978067995753168604751884523923314463337797461347094921
81999999923402226945228279821354180750025758204415390028034439799399996999999999999999999991438499994315299999999999999999999497159678531512932897589547374207632686204920391645
59999999946755418347399222704516108516684696712225154690142885999999999999999999996441299999756319999249389999949999999999999999999999330036892747424431713995719767250944589367
99999998038652797255998256928774912396984542284400186574411164756999999999999189999911945475098917824523137969665485999999999999999999304632458472703867575769613725106141553557
99999992559994799935685941156604926158256790660398495849207611747999999999893933850124586141385189929821497894415675999992999999999999960679997318897791053625892399915237526776
99999999999999999503528567849236550797539678671229856965629999999999994999932442300366419679080904572221041559699529599970590499999999999975243004890379140720251282133002602856
99999999999999994710016613962608403839740260146504821883989999999999949794081377734994008219758962360785189506629898621598418499999999999999999922746534081503762313657012850209
99999998719999996626998958748924893351920172463204052932119999999999991820429892992637196684650182666834509127695987241741553999999999999999999954753809892633460607112162258921
99999994114166159083206148953092219970913001790361001406999999999995994808554913350968596080858084438077640780181174176354876449877502999999999921747726545279901435265112112592
99999990318498337938043020277085285019474068934529472999999999999679512161638955638964147920955012708530007375945765495642218813886816999999999960954699928617942139461158769461
99999926213417952492844760945683051013179426340759399999999999997415820504278180621575878298849778945432456363261896556536772355275223699999999993996354908172369047816124411872
99999949111414363994177104074768181330298489420563049999999999641160411710047465885933067962650753284995320130811886124238325269993739999999999999999999945277542848895782872077
99999920105650688011321195894584511174515546792617173999994683262374256752459814987320527821679817387872867225202989291941572152446104999981999999999999999713429855353644291845
99999979994299934527687854521510516106092240054462999999987539455690944427691328789264499913997742722412985592687694172024604684675869269660779999999999993649679141067249174015
99999949999993188056618613551093392430680905891944999999999121409460966575301263957999999999999999993254348039787635666958037077788660551971299999999999958953105191916474494271
99999999999999863316128517507653902702990891296342699999322331566770117528651629999999999999999999999284172775311392030970584455446970444542793999999999693723915073208386549315
99999999999999358498102123146098176666399851425773799997384832905380752721539999999891023079849899999999968764144167860069679409464045312615699999999999882817499816375797250991
99999919899996692966113790695374641378816336143339999999967134804084354279999988818862248276112653939999999945420476839420717897831425095703299999999999999954222139846541624671
99999991114627636935450489302146163746018834649099999999960491162358783309999109865981613952097742793999999992310151940856964898550744938706371981839999999699999837636172750030
99999915854452937996916240124933564655312306775999999999129641101838182999982836206986749178348741805359299999792356238756583956686466158672575934402999999999999964511991018410
99999993139929860128515016351159287002957693058809999999288393382505645999985885156888884134519384164376399899999433283702049057805041788060976171519699999999999951111962735802
99999965097437991548872160291183062563818860385104999999920783333931039999678801888999999999270966263334974149999721833137342447695971554758819553311599999999999576481253457068
99999916992929994592118302182196378175302116120999999999216318596294619992020168888861770199992784680703427999999989790168981231564494705163911892499999999999996610382379511806
99999914999999414896671889827712658129463999544239999999623089972165549991316788888888895102999686303736560790799999186265607311276508811704901443499999999999924773762179292500
99999999999999990464660884963207878608074032571295729999937443720688299998031088888888884229199990269361682946799999013201267263860376564487667815773492899999999999185968261151
99999999999999981052106185361309790103620458392123199999998478901459533999073948888888888643629993966575057276999999267214921764743924214718505991448947039999993999993925349797
99999999249995501494221354500044127647647578109830999999344434392022304499932415888888888757819993682046089333493999895140836328073860411943251051457588339999999899999941376642
99999999974057374489985180064620579271814001393170999999999140441907414799998678303888886895669999462714291739979999995640390910662750408356321274297137631999999999999996472230
99999999924958369812572980757795160895813788855993672639999969621144815671999999999998862854649995315173274505699999997282630049714729627287177818192397201099999999999994717292
99999999941487063692714298903853036035655284698176945899999925523295833944433688888425715005499997811372235596499999983575841771523387734162922931993269199999999999999945075069
49999999995105226998482041185028689309826450317709724899999999947958794749985784725118842621999949958393441219948399991916912694010280606625947611222233999999999999999293121161
79999999995299916993307829641961385404174943815943980962219999946101774692535241002138163499999900149814007116245999999431320267191946370300967638330161499999999999918974250385
47789999999159999999679344171735060640981924064000661930159999999997898700593773129903145999999715758794521761999999999118296376903733861306890621279987399698999999998985071727
88549999999999999999817707399893284103718626735786389369739999999997999192098641454192999999923137941944109666938999941128503706765401149538803422288575281943939999999998126899
62631999999999999992431379630209480350437774338688662388308888499999999474999999599999999992469659968244697099941999962224152938660983178179588924262680173043011999999999934400
29999999999999724709354411386478964010826360435630441316881111299999999999999999999999961791394572753720909374889999999441496171470052151946391975304499723584053699999999999824
13999999999999990055914122139680362822179771907442607565961022345677899989999999999549613919056358379462409849999999999705349750430746791948752992453797815104551599999999999993
21999999999999997917337749107936163856308190292171619023620661757963532611299226112727245307248173962674325121999999992641579502456534391156578761472305151019295999999999999995
02699999999999999395554799600427735163927873141611229839200923503308479222093711656512204451491795534766911978999999721987228491761579150838984841948917632999999999999999999938
57981969999999999998999999999746776124655503486533933824545471197985318348244230312775471079580565170530979999999999116661080005960100066077849106832995583999999999999999999770
45427791799999999999499999999841359271268129136041620409037281757003214048906888370735904738072240631749499999999999425879184621121662529747472471530432473799999999999994997503
73159999653989999999999999991769273311067913106816807521253258962491537963000849490999286847980714428924179999999999194695700429712466972356758774395207079997239999999970585209
78264428848609999999999936186386076950775657112124189938619988993147137143518848896320538243649285172615199999999990943759548979476157938279843588697974869448050999999973243651
43268904210733999999999999461733834932756845904678428928392293015034196585645449419985006963087925129999999999954686344268082407852168599508655900109472027746878999999676999111
76356616331419999999999999684523424998620349313589939678355355783451147241840071723935012624214982999999999999932787835610125290028454312799175460360969132396184999999656891191
11989114411819999999999999999818999999954225982887223519065775588034763613231524962160935477505299621999999999999978723095062937882515599786796599464396625715079999999654999997
34739679185669999999999999999999999999936792392441395775600580276492482341310081375595519758748958966999999999940752109403865810988194527961779564136107557662819999999999999999
40313629139352499999999999999999999999905956789276965923154849543819809651612799826588642399999992699999999991842583643906482874714712382131839176851670187599999999999999999999
64023560771278633691059859999999999999999550389999940631815577025273532837756197586072979483999999999999969117724898480489079244940977632660774385830245639999999999999999999999
41588763087690963999437141999999999999999998899999992998792514873616641497948824999899918912299999999999778054355650093710075840054754239340900610567763592999999999999999999999
73665897754773141423718398799999999999999999999999956500429999987499849939981214979999999999999999999999896647224733230390630144855343961443472349023817129999999999999999999991
82387033684046317333577118299999999983999999999999994165233899992933405899999620599999999999999999999993232925655087524615482804507874245616745592644054799972699999999999994247
82363974735666359806775235799999999993749999999999999999999999999018840999999999999999999999999929343063374089111914541913892557319224825654211524134922891177335999999998579518
53137699483234477899104423219999999699945199999999999999999999999999999999999999999999999999992366462012966170079572620644008021659393272683493139119657358769791539999999990931
59577190072899953889999908861234999620741999999999999999999999999999999999999999999949999999999997170847911931749364423588550721173467127400591962329395283497837591899999999995
71243798824086683619916798346629499971791799999999993589999999999999999999999999999959729999997136764627924111510530819266261016184989943016532705192152238348256945799999999973
82963149075170098453316162418648629560435479999999989950189999999999987199999999998234176188527162477645777412060458091848065151639651137653135028175921726438244755666999999923
35185156830401897505035619673951545711171981999995928697929999999998982636999999999988120136492647072688370273432991694410040639102721480888581108975301237029931899998999999992
30577816131703232193669130484982398799006339427597993600270999999942732728814989379962837189829646453364246801244433639375770550718979563082380210481179999999148299999999999998
79722560309263153317805867551045543656466294657171999698477031442099444704777643957714627221568678928752009586336493466130441942395762170130777351605799999999986799999999999999
70044272284855336519436028915759727417381034443175396777101639565947752704222691547102461345272906766150899911142689071983170851789276772577428521861449999999299999999999999999
08860599540678504921173971742513975879526037529574228291774429344537057294855967664610888523926482377974377937780394090417183785701023355361910587241359999999999999599999999999
34732909536183633947655527445321177571711100623785910577985367968466903540942328507880083800100088784020516924718437007322333144537611034348770041799994449999995969999999999999
86297437137587079115537529848776493944163879726097386813461851875179878306334286762453110787369354484006732106420478879065389073490653711117411707991499519999882178399999999999
54425930927762408275468113844399451945214432132443448404855946590297766008446072493482392534006891044922774669364528918139630687871894230979999769550723360749962090799999999999
