4821354341399791829685847434295924785161111327583932628973998852938793611927621635899716489444231421876959146413433396973273772421298894158649841987233273512384374934693347586659115835742713918374937862
4798268952316659888118874231777554881111111117163274445111111111165421544889131568895363325713647711111122539139299656163335765572111111111117761159874611111111775857668766429143934136664231111111111357
8195111111111678337681111111284299311115451111166588211112111111111371688111111446584932133392446114586119222561111112375225489111192744312297834767511137861711175299111112799111111595933111146519111721
9911111111111118945711119591129878111641238297928184765111193416111128374121111145665731493442425129749144521471733415244341271158181164948235656773116729283791167411193484253697911191823116391451382996
5211119839346811129753115282211868821151217117596675298532115439511166978121371118569511489714182148574717196115785618797667111465337425211115384421514211682511181128613245863711119134189711933645553421
5911183245116745116356291113327929441111678415676817175218511135561176978111573425358355164311285111585599472761898715314866614577431111396528861713648729715211872115199846142848577566512821111131827929
3111177919111119941611792413199311319115528227153132582252571468481156819911133955253513198111811611284282145345461811779872811111111116711118535919591111111113552411111111582511744524469455372694886557
7451111111111111155552223924973528425465867449163111111111174569111957113711112225579173386172164458116541285128532711497221731111341111111111531916183219761118413295351275751174642943393111178638876755
4968111111911181158915815281111111154271736849111111111111116936514696598721211779311992391139827684112372218111122291694184694642273451151615795714259122754786787579823621111111622338449111251116855527
3989821318575747417628972611222222112363521411111138827871117518341871111111111111112842873141956536472432491122137642111717767251127311548614922578244117282411783423461112147411575771411141649451337413
5725646159743941112253478112111111111155274111159774551968892564961111112212748511622411126711413276224247111222182634516942334111162411866132641223911111176936748988111914871436438261161498737916158693
4865639759284111111112424112133655682112441112845565118736615977911111712217892972129111225768171135241311111232126943983595511122112719462128899121418622412239418411533148719544194511172496893739136335
6117277743635118541361154611119959413123766111821735411111165168111628612217976273111121514387417535111111991232128399498111112222112619359676152983618799332271717891277521673457211912139811289463117417
3629111118177811591625346116111168714197914611111111119613318763112769312112315491112221165883511111111941411222111111111111112332162111475411356968711796451325112631111154985689192115743113561232115779
9691111111186489591418232329241111121662195948286124694313287876128493111191943111222321492211111119282691112111111111111943512322179115473193271945157111498189181468684569972112875118389114139949117965
5731183872112189653149867638732338985571789322713671111111292516149266111475511122233321961111158193145981111157617459883331112221186611114496437817618861111111129114417952463414518414973611936411936294
8311128889111246173138511117645955121837728525584111111111111227145821118561112223333221111221111111161111111854211112616811222211999141624434811131143955898796934533139644112337831515631371114111375624
9311373781743138217857111211113241211111111113341111468721121285112211638811222322222211111111111122111221384822911382221112232113284533928671112113471187889246881422351119851111959491959357111178159929
2111941961678811145771121111113675112111112116711212194392111483434324967112222221111112179744438111111121111144835561111112332189168871816111222134711111111139353153119999558811922771988444845578793468
1511168799941815869973121823111831121128411218171111963364811219687834111122211111716165547352267798535111112111174138648812222111111111111122222185711634311112314661572337751117985222182341788959118149
8691192251115434228462111932416467121459831214899111138948469427957411122211115364236693384187736186471171511112111126911111111111112211111223221123711448287811455995628319761594552824758845185936447275
5581113111161273239345911135578712111168421114798161111568745628531112221113186817283111111111111111116745462911122111111111838848211118651232211625741119537721188756716162577796298815589958111111112659
7117111116311698883636736111151347612114631145239916557111826673311222111176273281111199243197511211111115968829112222135856372887834778911232119379631346145371775885321714111172988377381891142947661336
8447591644112811111111994622111425611118574388429192886811719931112221184694148119347238466439768571877811114591711122114934131111143583112222191855912672155171538637931111111984661566635919785276681699
3668782133371111111111174424828461386211183726211111111189678211222211592962851547264311359111153156616343118434294112211392684874168711122211127623893759669341383361111164683573396341529215242412111862
4437634827581111477991153281196598563829464115111111111119665712222119779845912526914381111111512659211111149345645111221118457475111112221117778115327479954117698671198827851584366336156215212183929466
4999771196791111774893141595111111111178818681121492221219686112221157566495997897795111221111859611141561291922741321122211956217111222111278635581117976668568383521114411111945311111626852692542498927
7256811542227111831278493581111181111111179166121389421114591122211138726912312662241122221856791196628822231111111539112221899612261111193272536411261131948559534725611111997996116493114923453894761512
7823314646798111112829643764114881658111147297121143711122541223219814111776617442211223321189699362341374651177111333211221113878154111179955528291577111677773641642187163443111686319511573659539489863
3613112365348145911113881562111124278191116727112114411186811233216986111191725381512233322114427532211414311488562638861222211154195811239535542611355221199886671511111558676415763144111733987111111168
9816187861825452697246232161511111662193622179711111411431112233218241499699415734512233332211111111111899411115511481131123222111111111114165435212136639118281161192591119316715824461145744281866291112
8841189531118167726993113793443411111181285576131118411173912333211931274277561391711223333222222222221119311453263536675123332222222222211118392785819153113554111859242111135298436186889221919723671196
6971131521214813351111115518997819374482686875921776711562112333213391117115999797331122223333333222111111111428441143296123322222222211111691235177283832518926111648619711189232892365762531891141111411
7611176511217852211111565224863996898491113916687885961677612222211111111111973695648111122222222211121112216967413111848123321111111113143636624185961542419913698181131111138567623432255368314867362863
7861172441118254111746448814287351111111211111199543971325612211117414679311117926799339111221111115686712211379189611587123321543573564615234484915139146115268125429111141419392381111111576317156916542
6971154411122831112896217113741111222222222222111158721427212113611462882551111154218879771111619951311112221318535411626123321116858566211111111115811448111163557998723381748111111587111116529297564995
3524119111716637111761111241311222222111111122222111957649511162111192113987111111679957561321189111113412221158261611561123322145113959921569383114235111137877174343945151385118224521965117811667989797
1366811113411629811111147653112222111153177111122221118911114191111436411431266811119269863656458113269611111263929911652123332111399249727191176115199343399697111111115438131133188255161112361111129371
8372866988917263386312593751122221189529947362111122211112211111144836118439827414111114287875754597111111311229125114426123432221153823886167469711193178844111111633611144341636352491111319111187111946
5444242568116527247239299531223211919111111179765111122222219237266475116611168573871111111111111111111113711192551155143123433322116764151794521198764696532176257357621143481485941111955879531783361158
3948222111141511354265149911233212567164931864229255111122211256892215118682483785628261221111111111193367117351211254181123332222211392588211118653356238872181221669111544291118639623489248315697551169
4327988241944411328962546111223219644443687233615831355111111111165315913862717238577111211618153711579921117214113263711222222111111117941215149674411151818119176911184455523377841111111482136464311658
2963633911186311593812794281122211916711111111139817969118349274995111786263311451111121116423813261688211116711126249112232111148657947816871631111112111569111518147931976979214311119511112222474884278
5225365911211111719143774286112221175711122222111187813341619531157767417593111111221111487631922298645381194211782479112332168984382111111111111576122221111574158612894859363553411129625118269675476191
9617983411112116491174151557511222117235111122222111136594749119964492111111122222111199667888254125777831143514673292122332134154256111181671151438123322211116511178551111111119717454431196275817534576
7914813228111133651117571175391112211114768111122222111111111111111111122222222332128464139191111154699141542841121411123332122617749119795911716141123333222114189777111111111111711686397599766211149656
1215711284721689481978111766794111111111169157111112222222222222222221111111112232111111111111119619964811677481352112223432111115336157869115125211223333332211831531194745874116371118241876541114111784
1319791145162352571222711371337481821111111416367311111111222111111111621247711222222222221111576379111134847352662122333332221361191447811112337112222222333221199711288629491114193571111361111116471117
3621261191385824651175111144173436446432936676861141739381111174971367764733431123333222111544369511118311182255811122222222221869119671114581171122221112343322112711414137111114797741651433114234521197
4841354118268185441111115141111111386594862226942467764961699811111111777299834123322211119627971112783411631245112211111111111144414211154864311222211112333332215511531331135514342111114817353749211469
1713981119994611177511195951111111188892711111114574525418171856184611557199121122221114566287111438811147378111122113833362263142957112872145112222115612222223212611984111369211111111111437225563443649
5217533111411191197645952611631631112714111111111426944584587846975119692771111222111425196711984311116854771112211179432513451755795716996911122211177512111123211381515481731111115347671557743538781253
2411475111198729119854758116833611169932511348211995112111116463631135121111222111182728691113342113834158291122118711968411111178159724681112222112386711165123221544556976611111649184831758724428711973
2141152112248117117388175141956312148319111584161124331117225892113373111222211144541243617912111577518194111211171151351124111697891991111222211174945111148123321854766169841119343313447438975111163865
6156311113319117117884211394814811148647971164744663111134727211493811122221116414451177513934112241121721122116935111611116288933151111222221119554261119117123321188789211113111179816967672611171111799
8667517511215711111472231744367111789111111631991414114663511163481112222111159898649111113581822118136111221187717155128952253111111222221111338117221112461123321515281112171631111111198797118287631155
7573642145676551299944789487271169975111111524821971156421116851111222211191418589823212212871111734511122221354535559168111111122222221111963431687111177991123321735411122117774286944621416119754161126
1651124212971181818671123869198898281115911145373791179111443631122221115325116688276112116569564722112222221111111111111122222222211111894575118563111127531223321441112222214329437813874552168744791144
6915293519199753391892927177963518961998212128683646111566868211222211928169171695263121124676527511111111222222222222222222211111118674225531164671111665211233321111222333211267911111118724614121481117
4377611526161569418213498341511559671874812111165343759316111112221118232115873582111111469826111111217411222222222211111111119151475913411117725111112148911234322222222223221253111847151369368835111288
6949521328163123618521191111111718982433911183871114176513211222211612131158765816121119119911113576867111221111111119246376757366797858267827161111155979112234333222111123321198118521361135886263345652
2485111159164164711785131219211138361195711435732921818462112222111371117474717611111159851111165697111111111597818915413898111111111728677683111118125311122333322211191123322117112625135136761159397532
6327481112146114811197929887991157691244714856155611177211122221177491123726172811116321611135835111111115742271976246231111111111111114741111116792511112223322221117443123332191117411622635187973629419
8919661135111118451115498538711912412694169511121998123111222211663611329811218115791971111786741121113193553515916111533457113966212214231113218723111222333221111937477123432171111142274337534711116863
3761611972111615336111245921111934784123182611753355156912232118173113181113831154997811111752111111185723671181583111372432287885512117497717767821111112332211625696142123432178522293396257598718111974
8258115766711113884327111111896513151314616311273851139112322152321145211111111358127511187841121194166854711242911167735217988441111137667348439111116712322112517961126123432188964914458333121115771589
7769132575311164815928141417294391414311638311783121694122321122491321111953216421194111715111211911881135311119119436133916789511116116565733541116467112221169118431133123432172827891111177185164371626
3378534217837687392881658433515411118631165511251119879123321564816854118597373635274111415112216286913451114161183353359661111111577681738281111121551122211278115281181123332123521114744451176996194595
1822119325167582111474111611295111446151866611111173151123321678892439116739651211851115252122117479113811137211276341711111111147487452847711111291811222116966611781129123322179911454744141135516751147
2611329714121441481134261911192311279111194948141729321223321429725712115287818116551213311122196761163191516511183145662395931118583684811111944386112221193627411111961123321143118139729211858477237237
2311181114699788321167293591145251111139452845729634831233321776856283111592521182381216251222149971344431529214528711573839791111111111111117198511122211786718812111131223221824112226451118386337455332
3591261179866314674111179511695543267515363513525875511234321434111114911136111116291216121122183941155321886411169171176535211111111111132881634112222115637357111111961233211648413856619933269111111225
2351111163811358181241111114666996813183311198156945941234321647351112828111116986351115561122119375116671161613959734385521111331273759411161731122221183197711159218811232216926911447368929111533111338
8158691173117151127461819868917221126177711181511981251233321792996111164377221517673112693112216618511579115812691111111111121694891111147412111222111679515911839496512232118774371112352311944949114342
1285416498111254146896356299888951416853711195111834731223321163911119737646369112365111633611211219461111165116721111111166171115112839615811122221143541661111119513112322147127346145654112293891562275
3152514431123251174138157627726291173915454116841135411123321641111155611111111115687311182261121154535611521716271394914333671247755864971112222111191219352251112811122221128461115378381162591312422658
5861449311183911178578115731182191117315644511111163672123321111111981111216311129388641111946112112337331893116474755111111921287291653111222211137483215611111129111222211463111111195411425744635938569
9111491845111111492136617969127211116882846831397281748123322183111957713648794913177297111434811111119989162824353111119121135253722111122221116133494816119397146112222111961117539112111425111341265948
2514588834214331128326711948111111156841551277899767916122332115411131631954718318119272221111528122211115958194732978961181722711111122222111531511199245991692251122221158311187472411991111111166938535
6113627631259659215712715636129956477125111144111116116112222211121178774354115446111962738811111123222211111299476488242331111111222222111197214665811971952472111222211918944175634761717251959628111143
7152616572878832117625112598519548981771686316983271117911122221853186911561611717411147886428111122222222221111111111111111222222222111144626265312311894416461122221111581311111216281133183671511631482
1111213811745961116711113529356917111922165411965558111186112221196833192188211138541111444121852111111122222222222222222222222111111166111696111196711412571111222111783664941119511941116358661111321192
8983512174124197111117438169769717241112855873251111138713811222111876119875281111572141113541552166714111111111112221112111111191281123956311111351311768111122222116869171111112221111125327561122411138
7197691533416868111767884173531561572111111111111169445827581122221166111189355111119656118876411111599959899475911111111132376397977726911111112837111631112222211193679111111561988911779752558821621115
8324761184277181853368851815821719354552855175388664713621949112222111122111463781111111113183479791111111111388519727567911111179796211112111578876714111222221115177111911118815814211335581388395581725
5729431145522131116356871149731195556174111717724838242414267911122222222221111153861111119174534272999391221687211111111111335962111112211131623446111122222111114111942531153133467614871471163954911449
5299532114918816449761137111118163874175611888235111111711583128111222333322221111749355613373111111111111111454145621111829195211112211116632561111122222211184263142273917288512219581519523112481199129
5542186911144735436914611568397286611111111136361358711111911746461112222333322221111172729388943831111111753754634781418661111112222219351411111222222221115779511569364447829633111111154423111111342586
7441111638238494841111111996672144152739911111189744829173874316371211112234333322222111111151656595746557455127568711111111222222333211111112222232211111798326111111155722953111114648891288563618436478
3354811931452688411729326914423294362528441196131786961249978155733416911234444333332222222111111111111111111111111112222222233333343222222222333332115725979711242671959345611111268723879127696811111982
1872791419538839931141871458117113125791118483291171145446568632799763821233333333333333332222222222222222222222222222333333333333333333333333333332143979631486375179464815251113269861117421671117821481
7373881195165471955111182671915484211111111111111111111111111111111111111222222222222222222222222222222222222222222222222222222222222222222222222222111111111111111111111166637111111117951423866116271523
2688351127138968146163111112864498116431611111111111111111111111111111111111111111111111111111111111111111111111111111111111111111111111111111111111111111111111111112111194131864314362921764951183334898
3331311749114829912783991285278918184214166218231319993144865439767455616217313992833465139773555439364286882945427811936183485834226464946757376417775646765375112476572182773582161111111111361196144322
7271119756211592197517575488959163682911981778331111111195266411116593514858531111529456237511111958619332255332766419471111161748589883111425558935663111111117765219111111193693711911423911515165979186
4374285699811111131791251119981444525842114326118351111115611114411116298911111111111231981182366111887511749119841661111111111119267111111111127677511111143811147991173761112163116221191691949112295855
1291192139822541146515839961113645623198821641312124951164118968631168449186758414121272111137688417814819828215114541149921245119221189689318111867511171372951173782397739115139118774349111786731583448
4351214288136681422942114984115341116545611251797279111757121921111861842547555811111385218941695162978981451243117291146832323553521256318715131761112361115883591944245364414444511117814533821784244323
8773163373588814791116885111132121119749119828418559156118131111815527694545111111241981749582614158632781113439311818114526678595241792514732511128119216711127655239821377114759831168544282448828766571
3491533781717336592141139384579151881151142711579714969261141644342941534759917573198824995412894111111144561129183921121757519113692451111691872944935211138119742595813678531654565445741412978111118541
6571641142521563396655811691269878569675777779889272451546973962863799924466529943368499228694342116333611328891567852231862275186953211971111197796618416145166911229982121116562346114924311671122711582
7291983837269183751316881519621111111196442217792511111111179381132111111914557145897141111111336122926591563236168838628974859177895311913149711119334112244821546113728112278762146211147713336846811958
8361761719866116513612111862157548178711111181227197767912911748113513911112443512681248837711794815888127132219411329947993191115266147797251156119943114581148979411151163337193337741626741515936311871
1591169142981397421152112757552931845983351132974125851147116234851119921111563189119967191119989258963225977281396344892968952111466147267998111119548411179116791971111171424211739711398723134216115645
9434111111118965797111146875541411111111174856388531111111812477125111111196154838994111111349551614282541249138111111111576718211111176795333239272571665111161326618175275771539411389963386811111144397
