11672557689
17665675243
40936022299
50112447278
50524318561
75980021150
77096530559
85606009893
90877526260
98818926736
138864320663
193991772174
240285370822
253731786417
363477623855
628687957768
630079660240
690610686086
769568822030
1053877512717
1125293090285
1195867289306
1204416241041
1231729288015
1372376430716
1560707207986
1576810226237
2043243957665
2095610472527
2210276489297
2323262324956
2427612671587
2580292036192
2610739646924
2657694612262
2874524165726
2916087255896
3230694748839
3261831893781
3275814502480
3375547120588
3375906826525
3537164330003
3567878761474
3790684769698
3872001602172
4041134550608
4191496051856
4243818769313
4340060069123
4576808530980
4619218226645
4677763684276
4918179577489
5119530531458
5169163714909
5252002485139
5621929687281
5631039364054
5755783317287
5831982998047
5926124953783
6037972171582
6041964886025
6507442823867
6698723135504
6698974287545
6738871980968
6742771089606
6809981084429
6830052187912
6928223839417
7135457466532
7482808293159
7522155407507
7628050175855
7663318379961
7834187694068
7973834776155
7988211995378
8336384398196
8346772514445
8606182390653
8785291254295
8804287404729
8929064656619
8945762066890
9003734598150
9008091309927
9108346684720
9120470033266
9198215958286
9220591190558
9474476947507
9590118257690
9774795137569
9865494363571
9875339557683
9923509750429
9969322498581
