3583
5305
5099
7778
8499
2448
8695
3460
4826
3680
6763
1525
9060
2165
9116
5718
9969
2423
3875
1038
1280
6960
7872
8344
8066
2901
9294
1991
3677
6491
5329
8723
9839
1688
3230
1353
9048
1236
8450
8509
5458
2675
5634
3802
3831
2539
7732
7230
9415
1526
5397
2556
8129
2088
5123
3327
9957
8430
5617
7682
3754
2568
6382
6193
2477
1254
2877
9002
1303
2368
7173
2723
8671
9310
5785
6616
9606
5801
8605
3252
6002
9578
6865
3578
8747
1791
4962
1380
7021
5492
7136
5280
2770
9636
4303
2132
5461
1928
7042
5514
2273
1195
5936
8436
5010
8606
4693
9951
3938
1377
7462
3437
4374
8643
3658
3526
2692
5064
9013
7195
4695
2039
5735
6842
7155
6243
5814
9863
4611
6420
6433
1459
3661
4202
3925
2561
9922
7781
3382
4612
5759
1093
2275
4532
4175
4176
2185
5908
8288
4304
5093
6146
5020
7093
7073
4008
8188
3813
2278
2400
5490
2457
1483
3732
7128
6295
1673
8412
7696
5930
6954
4729
7998
4415
7717
8231
6196
5863
1867
4569
3245
6467
4455
8830
2957
1105
9934
3096
9429
7126
7834
8173
7010
5219
7392
9422
1439
4289
4270
8766