27935431
27018538
27264583
27209893
27127968
27020483
27525916
27456174
27539733
27453898
27067925
27199486
27450491
27412249
27038318
27804180
27641847
27919884
27009259
27695186
27884269
27733285
27120116
27554987
27988596
27564118
27595891
27474174
27378297
27126466
27339922
27091916
27213333
27773763
27432553
27463283
27049648
27347234
27590738
27507721
27044105
27995046
27249802
27555898
27306783
27865521
27237798
27237230
27746759
27605426
27902373
27497023
27463227
27793192
27476017
27019824
27177613
27803003
27900650
27082724
27914383
27386617
27484969
27961525
27053239
27392539
27060154
27814803
27557097
27832901
27263452
27885370
27684544
27828374
27450644
27890511
27673823
27001960
27901967
27320275
27008120
27303174
27064300
27825997
27172509
27464081
27013375
27703144
27000630
27757315
27250958
27690997
27500469
27388451
27892026
27934600
27592090
27584902
27939384
27106780
27574379
27143699
27694489
27260360
27262010
27493941
27570120
27798475
27110186
27988962
27562919
27057228
27280439
27719678
27696711
27544588
27949468
27714852
27429488
27027036
27012225
27311069
27469130
27687762
27244512
27784707
27136277
27733073
27451762
27110223
27674816
27282482
27779804
27861212
27490246
27912165
27266363
27280967
27468790
27054805
27937519
27516892
27164102
27892675
27622310
27828098
27666672
27587186
27771715
27188359
27274828
27941005
27663544
27857645
27012394
27969986
27233749
27138289
27125574
27467967
27210608
27024171
27492384
27507576
27289723
27262131
27715355
27343479
27450834
27585946
27882443
27539252
27820535
27377219
27513148
27614775
27545719
27458879
27286911
27913170
27863864
27013048
27813695
27390870
27920332
27786941
27594289
27812450
27331311
27952859
27030332
27519193
27732204
27984317
27637920
27394990
27391942
27897850
27232429
27774532
27105826
27501352
27075555
27918822
27117354
27529123
27763760
27924424
27427832
27106897
27915355
27906584
27905388
27686105
27717352
27111717
27086624
27836073
27775566
27208818
27531270
27432149
27251252
27998309
27291230
27410297
27134028
27194447
27411877
27753592
27153544
27243906
27276463
27672731
27121407
27746048
27718916
27408527
27430229
27841501
27288725
27904322
27587523
27716971
27266574
27026464
27473338
27339401
27520180
27844318
27011187
27138135
27200448
27058643
27603468
27838320
27654580
27234818
27782663
27561005
27863694
27917733
27268780
27642785
27645870
27940938
27746450
27189289
27800502
27431316
27463992
27427959
27829135
27675318
27812803
27739998
27704470
27025854
27707859
27417800
27943637
27127101
27426558
27113365
27483452
27716300
27267039
27834807
27095545
27315120
27545650
27436226
27034605
27535211
27450885
27604253
27600810
27184414
27040134
27780631
27367678
27988894
27483797
27932396
27032822
27262590
27569359
27951663
27412080
27259573
27562011
27710673
27598625
27802072
27813222
27062365
27208975
27677240
27938931
27392266
27719459
27526215
27110633
27558507
27441387
27648232
27629487
27647979
27287077
27091867
27750508
27633888
27005485
27500865
27630946
27160747
27933440
27627319
27836033
27482933
27743106
27258023
27213547
27152866
27112858
27225332
27123150
27931661
27373457
27882147
27381522
27489562
27926730
27726948
27068950
27504634
27834213
27112818
27723818
27708893
27045861
27956667
27817021
27996838
27556893
27296471
27170579
27114395
27512759
27069419
27565875
27145935
27514361
27583471
27783324
27174822
27237734
27282347
27685774
27882589
27393612
27811623
27181745
27324205
27024976
27018549
27488870
27364326
27152527
27662530
27288762
27274841
27750997
27225895
27591608
27019398
27991488
27947044
27045917
27059626
27486129
27679920
27937906
27943891
27005831
27699950
27413478
27883752
27975457
27214207
27459301
27441156
27322862
27523768
27509827
27570590
27867432
27872024
27089689
27610534
27118767
27697780
27997729
27746031
27019740
27215504
27822201
27227827
27899121
27942851
27473115
27974158
27160449
27167120
27932555
27611762
27356180
27382699
27475017
27529995
27921330
27630305
27790514
27160890
27786640
27105775
27460879
27651792
27505183
27046325
27941123
27477675
27093972
27899179
27538461
27324055
27940914
27714754
27988032
27691895
27260692
27224941
27413782
27046420
27264809
27530223
27443197
27353713
27474526
27004123
27806706
27617487
27164577
27358987
27361417
27624839
27305383
27372545
27825043
27570818
27763503
27091655
27062026
27699751
27018667
27153713
27834748
27508214
27054429
27026570
27928278
27037278
27794876
27600213
27535058
27895198
27073475
27560444
27333998
27689514